#vn vp In(Murca)_with_SF(np)
0.0 0.0 1.0391182623476212
0.0 0.5 1.0159842903970908
0.0 1.0 0.9517800328656217
0.0 1.5 0.8592892253268608
0.0 2.0 0.7530880289342022
0.0 2.5 0.6451148704967703
0.0 3.0 0.5431582752942318
0.0 3.5 0.4513274050942503
0.0 4.0 0.37117449100264643
0.0 4.5 0.3027065442810841
0.0 5.0 0.24510103017157647
0.0 5.5 0.19717931997973773
0.0 6.0 0.15768249054961095
0.0 6.5 0.12539347382856164
0.0 7.0 0.09918398431291887
0.0 7.5 0.07804185340327646
0.0 8.0 0.0610860287557848
0.0 8.5 0.04756601413193948
0.0 9.0 0.036850354674386486
0.0 9.5 0.02840902912216896
0.0 10.0 0.021796543154873928
0.5 0.0 0.9088959440219707
0.5 0.5 0.8883759071571925
0.5 1.0 0.8315120672255218
0.5 1.5 0.749782335364189
0.5 2.0 0.6561352538439689
0.5 2.5 0.5610793868017095
0.5 3.0 0.47147531886501204
0.5 3.5 0.3909824781214188
0.5 4.0 0.3209704109526324
0.5 4.5 0.2613692390936924
0.5 5.0 0.21135150728119592
0.5 5.5 0.16981661750418325
0.5 6.0 0.13564832390117548
0.5 6.5 0.10778863273081253
0.5 7.0 0.0852422195562818
0.5 7.5 0.06709509715813591
0.5 8.0 0.05255007679194397
0.5 8.5 0.04094552674327566
0.5 9.0 0.03174217441303225
0.5 9.5 0.024492133285507842
0.5 10.0 0.018814280497390385
1.0 0.0 0.6254529184829726
1.0 0.5 0.6109456336635999
1.0 1.0 0.5708202630669158
1.0 1.5 0.5133633171943998
1.0 2.0 0.44786882577703957
1.0 2.5 0.38177565073198105
1.0 3.0 0.3198139269308606
1.0 3.5 0.2643974776455405
1.0 4.0 0.2163511614740342
1.0 4.5 0.17555479242130637
1.0 5.0 0.14141914569552896
1.0 5.5 0.11319237205418932
1.0 6.0 0.09010595836674139
1.0 6.5 0.07141202589844411
1.0 7.0 0.05639169655150675
1.0 7.5 0.04437946926782582
1.0 8.0 0.034795916750652675
1.0 8.5 0.0271652992536508
1.0 9.0 0.02110955333884573
1.0 9.5 0.016326820289462692
1.0 10.0 0.012569528296418902
1.5 0.0 0.36013267770448515
1.5 0.5 0.35169803219554113
1.5 1.0 0.3283525996885185
1.5 1.5 0.2949032475805389
1.5 2.0 0.25678751457365834
1.5 2.5 0.21837689562485557
1.5 3.0 0.18243144079444765
1.5 3.5 0.15033190572796334
1.5 4.0 0.12254305491703679
1.5 4.5 0.09900874144589508
1.5 5.0 0.07941036863381729
1.5 5.5 0.06331532554851768
1.5 6.0 0.05025335174108105
1.5 6.5 0.03975394457555722
1.5 7.0 0.031370316994512315
1.5 7.5 0.024699640954075237
1.5 8.0 0.019397070340997944
1.5 8.5 0.015180724524485384
1.5 9.0 0.011828388898836613
1.5 9.5 0.009168111173103689
1.5 10.0 0.007066122579755949
2.0 0.0 0.1848285308359722
2.0 0.5 0.18046897198133893
2.0 1.0 0.16838668642872773
2.0 1.5 0.1510400710320594
2.0 2.0 0.1312383503192307
2.0 2.5 0.1112735512820021
2.0 3.0 0.09262104727536782
2.0 3.5 0.0760345144174961
2.0 4.0 0.06176879582289939
2.0 4.5 0.04978295031304553
2.0 5.0 0.039883013194771215
2.0 5.5 0.031809576872961334
2.0 6.0 0.025287138499210063
2.0 6.5 0.02005126915614213
2.0 7.0 0.01586362554032834
2.0 7.5 0.012519405002336021
2.0 8.0 0.00984932987108628
2.0 8.5 0.007717603905544793
2.0 9.0 0.006017391866122932
2.0 9.5 0.004665277703639653
2.0 10.0 0.0035956662413921545
2.5 0.0 0.08862640405147783
2.5 0.5 0.0864621257562276
2.5 1.0 0.0804804943407298
2.5 1.5 0.07193785565922328
2.5 2.0 0.06225698988242913
2.5 2.5 0.052580090016906715
2.5 3.0 0.043621924192124725
2.5 3.5 0.03572746102629066
2.5 4.0 0.028992844058256945
2.5 4.5 0.023372817313697673
2.5 5.0 0.018753902376999462
2.5 5.5 0.014997538856824663
2.5 6.0 0.011963656941535557
2.5 6.5 0.009523070415533947
2.5 7.0 0.007563267795399707
2.5 7.5 0.005990111748178432
2.5 8.0 0.004727154091398346
2.5 8.5 0.003713612521074914
2.5 9.0 0.002901666320655401
2.5 9.5 0.0022536522387262507
2.5 10.0 0.001739556669286169
3.0 0.0 0.04088598306551843
3.0 0.5 0.03986435769754132
3.0 1.0 0.03704433505134303
3.0 1.5 0.033026596673892766
3.0 2.0 0.02848915011481842
3.0 2.5 0.023973634144320632
3.0 3.0 0.01981624240503889
3.0 3.5 0.016176207671206998
3.0 4.0 0.013093970687771217
3.0 4.5 0.010542277969579525
3.0 5.0 0.008460991442298378
3.0 5.5 0.006778408226387481
3.0 6.0 0.005423766301312409
3.0 6.5 0.0043339852363418275
3.0 7.0 0.0034563922409520894
3.0 7.5 0.002748772707885784
3.0 8.0 0.0021779580695664275
3.0 8.5 0.0017179389511502304
3.0 9.0 0.001348120225988495
3.0 9.5 0.0010519700126987907
3.0 10.0 0.0008160600911960419
3.5 0.0 0.018501957750732292
3.5 0.5 0.018033559608257498
3.5 1.0 0.016740465425735165
3.5 1.5 0.014898137640206267
3.5 2.0 0.012818583390512898
3.5 2.5 0.010752299607446095
3.5 3.0 0.008855531037768526
3.5 3.5 0.007202293627241762
3.5 4.0 0.005810627643272229
3.5 4.5 0.004666233009222679
3.5 5.0 0.0037391155083688144
3.5 5.5 0.0029941276856358333
3.5 6.0 0.0023971668910550436
3.5 6.5 0.0019183952175145678
3.5 7.0 0.0015334077542670924
3.5 7.5 0.001223062746764626
3.5 8.0 0.0009726039635810366
3.5 8.5 0.0007705927231782769
3.5 9.0 0.0006079864415575181
3.5 9.5 0.00047748904151473837
3.5 10.0 0.0003731418013907439
4.0 0.0 0.008316924809608323
4.0 0.5 0.008104704398641525
4.0 1.0 0.007517999367587326
4.0 1.5 0.00668030244805996
4.0 2.0 0.0057331265737863
4.0 2.5 0.004791932408498198
4.0 3.0 0.0039299974233173544
4.0 3.5 0.0031823796538442803
4.0 4.0 0.0025572282881973405
4.0 4.5 0.002046892632251247
4.0 5.0 0.0016362704079566413
4.0 5.5 0.0013082019571503953
4.0 6.0 0.001046498489472976
4.0 6.5 0.0008373278005549701
4.0 7.0 0.0006695763508682225
4.0 7.5 0.0005346422454060971
4.0 8.0 0.00042596457404971816
4.0 8.5 0.0003384935384421994
4.0 9.0 0.00026823527859916443
4.0 9.5 0.00021193609000016208
4.0 10.0 0.00016690593319323142
4.5 0.0 0.0037383912979266705
4.5 0.5 0.003641775923608034
4.5 1.0 0.0033746017637505442
4.5 1.5 0.0029931009442833115
4.5 2.0 0.002562066305225225
4.5 2.5 0.0021346234236732367
4.5 3.0 0.0017444597716502106
4.5 3.5 0.0014074013950233456
4.5 4.0 0.0011267008736839765
4.5 4.5 0.0008984052947275259
4.5 5.0 0.000715368315290109
4.5 5.5 0.0005697215477590171
4.5 6.0 0.00045414415023949713
4.5 6.5 0.0003623756946992057
4.5 7.0 0.0002893252454824178
4.5 7.5 0.0002309888627710647
4.5 8.0 0.00018428219272155954
4.5 8.5 0.00014684272305317994
4.5 9.0 0.00011683891750555899
4.5 9.5 9.281604646494748e-5
4.5 10.0 7.35937411062836e-5
5.0 0.0 0.0016857064638414777
5.0 0.5 0.0016412728705264485
5.0 1.0 0.001518559349051873
5.0 1.5 0.001343793449076653
5.0 2.0 0.0011470887187791546
5.0 2.5 0.0009529264040058905
5.0 3.0 0.0007765406592045174
5.0 3.5 0.0006247808842912158
5.0 4.0 0.0004987452533344255
5.0 4.5 0.0003963842988256171
5.0 5.0 0.0003143675856831198
5.0 5.5 0.00024916395031974775
5.0 6.0 0.00019754748807921006
5.0 6.5 0.00015676983083081305
5.0 7.0 0.0001245722378992544
5.0 7.5 9.913438498435865e-5
5.0 8.0 7.900610396141761e-5
5.0 8.5 6.304190247350276e-5
5.0 9.0 5.0344121003573824e-5
5.0 9.5 4.0213929327151674e-5
5.0 10.0 3.21085740006466e-5
5.5 0.0 0.0007633563409847391
5.5 0.5 0.0007428632800191154
5.5 1.0 0.0006863818582582062
5.5 1.5 0.0006062201470321954
5.5 2.0 0.0005163510902008509
5.5 2.5 0.0004279594303241687
5.5 3.0 0.0003478801296400697
5.5 3.5 0.00027911768995918
5.5 4.0 0.00022210260412600365
5.5 4.5 0.00017586938536010021
5.5 5.0 0.00013888505994748057
5.5 5.5 0.00010953451928797984
5.5 6.0 8.63548616650988e-5
5.5 6.5 6.811303270134554e-5
5.5 7.0 5.380057518638057e-5
5.5 7.5 4.259720111175947e-5
5.5 8.0 3.3833964089915464e-5
5.5 8.5 2.6967759095071395e-5
5.5 9.0 2.156525479678331e-5
5.5 9.5 1.728930160869872e-5
5.5 10.0 1.388325183935875e-5
6.0 0.0 0.0003469134989462054
6.0 0.5 0.0003375088298858475
6.0 1.0 0.0003116391076633792
6.0 1.5 0.0002750297852675584
6.0 2.0 0.00023408370114013906
6.0 2.5 0.0001938368944754076
6.0 3.0 0.0001573307102268454
6.0 3.5 0.00012591520157330998
6.0 4.0 9.98204417779965e-5
6.0 4.5 7.865521689157517e-5
6.0 5.0 6.175429110036552e-5
6.0 5.5 4.839246700919609e-5
6.0 6.0 3.78982209315757e-5
6.0 6.5 2.969750211726772e-5
6.0 7.0 2.3316562823187725e-5
6.0 7.5 1.8368101010024076e-5
6.0 8.0 1.453591899009247e-5
6.0 8.5 1.1563703737183278e-5
6.0 9.0 9.247394901122615e-6
6.0 9.5 7.428700095415143e-6
6.0 10.0 5.988048086124417e-6
6.5 0.0 0.00015798560279027435
6.5 0.5 0.00015371645542881562
6.5 1.0 0.00014197925484543602
6.5 1.5 0.0001253760429245386
6.5 2.0 0.00010679399981053687
6.5 2.5 8.848633974178029e-5
6.5 3.0 7.181309182385853e-5
6.5 3.5 5.739304642818999e-5
6.5 4.0 4.535751154471432e-5
6.5 4.5 3.556233749346441e-5
6.5 5.0 2.7733849254394734e-5
6.5 5.5 2.1560215774624144e-5
6.5 6.0 1.6741661528146794e-5
6.5 6.5 1.301195786221136e-5
6.5 7.0 1.0143605972481279e-5
6.5 7.5 7.94648294641781e-6
6.5 8.0 6.26492392413078e-6
6.5 8.5 4.97440423944637e-6
6.5 9.0 3.977703399468529e-6
6.5 9.5 3.200672389138469e-6
6.5 10.0 2.5880029388642047e-6
7.0 0.0 7.200845443721086e-5
7.0 0.5 7.009670013124718e-5
7.0 1.0 6.483082864958847e-5
7.0 1.5 5.735618210748543e-5
7.0 2.0 4.8952770976639364e-5
7.0 2.5 4.0630235743021725e-5
7.0 3.0 3.300730755571546e-5
7.0 3.5 2.63741670479611e-5
7.0 4.0 2.080402008861703e-5
7.0 4.5 1.6247384268526706e-5
7.0 5.0 1.2595270315094538e-5
7.0 5.5 9.71685283216333e-6
7.0 6.0 7.480085957846546e-6
7.0 6.5 5.762158142424494e-6
7.0 7.0 4.454439678684083e-6
7.0 7.5 3.4644987786769378e-6
7.0 8.0 2.71633043069074e-6
7.0 8.5 2.149335431394068e-6
7.0 9.0 1.7165090999888177e-6
7.0 9.5 1.3823051373233006e-6
7.0 10.0 1.1205128507496033e-6
7.5 0.0 3.28139112275941e-5
7.5 0.5 3.1968133762189336e-5
7.5 1.0 2.9629414846231244e-5
7.5 1.5 2.6287637495051737e-5
7.5 2.0 2.250132578329005e-5
7.5 2.5 1.8722609602321616e-5
7.5 3.0 1.5236760362137663e-5
7.5 3.5 1.2183068899402243e-5
7.5 4.0 9.602631999819315e-6
7.5 4.5 7.480764404682019e-6
7.5 5.0 5.774819562725909e-6
7.5 5.5 4.429845859813413e-6
7.5 6.0 3.387257088125773e-6
7.5 6.5 2.5902223637070126e-6
7.5 7.0 1.987235793161938e-6
7.5 7.5 1.5341021667993339e-6
7.5 8.0 1.1945008724942576e-6
7.5 8.5 9.395713344665404e-7
7.5 9.0 7.470077972166582e-7
7.5 9.5 5.99984358171209e-7
7.5 10.0 4.860851912158828e-7
8.0 0.0 1.4935585682043118e-5
8.0 0.5 1.4564065515844052e-5
8.0 1.0 1.3532259641798887e-5
8.0 1.5 1.204662774489405e-5
8.0 2.0 1.0347738741430087e-5
8.0 2.5 8.636341931443417e-6
8.0 3.0 7.044127451932908e-6
8.0 3.5 5.639243636147172e-6
8.0 4.0 4.445346948130545e-6
8.0 4.5 3.459724231307685e-6
8.0 5.0 2.665540698539529e-6
8.0 5.5 2.0389737820171565e-6
8.0 6.0 1.5534945820406234e-6
8.0 6.5 1.1827979735614817e-6
8.0 7.0 9.028270108447848e-7
8.0 7.5 6.929000234133955e-7
8.0 8.0 5.360387039453027e-7
8.0 8.5 4.1877092019333616e-7
8.0 9.0 3.306925743038932e-7
8.0 9.5 2.63959384136688e-7
8.0 10.0 2.127796296016419e-7
8.5 0.0 6.78558312911953e-6
8.5 0.5 6.622534657624158e-6
8.5 1.0 6.168195253454761e-6
8.5 1.5 5.509828319500024e-6
8.5 2.0 4.750400050242422e-6
8.5 2.5 3.977987462680356e-6
8.5 3.0 3.2528754441495e-6
8.5 3.5 2.6085210220815306e-6
8.5 4.0 2.058372760425148e-6
8.5 4.5 1.6030224795812656e-6
8.5 5.0 1.2355920734466305e-6
8.5 5.5 9.453423541998138e-7
8.5 6.0 7.200680317178744e-7
8.5 6.5 5.476770224489277e-7
8.5 7.0 4.1715364114162547e-7
8.5 7.5 3.1904523145376984e-7
8.5 8.0 2.45597572575641e-7
8.5 8.5 1.9065722793819854e-7
8.5 9.0 1.494566525967827e-7
8.5 9.5 1.183734278389822e-7
8.5 10.0 9.47059697577575e-8
9.0 0.0 3.0759019146062677e-6
9.0 0.5 3.004026162738469e-6
9.0 1.0 2.8033793007403614e-6
9.0 1.5 2.5114786235860545e-6
9.0 2.0 2.1726856950372375e-6
9.0 2.5 1.8254596839175735e-6
9.0 3.0 1.4970306252912007e-6
9.0 3.5 1.2034490396109347e-6
9.0 4.0 9.518549597324553e-7
9.0 4.5 7.431601067727639e-7
9.0 5.0 5.744384522375267e-7
9.0 5.5 4.4079020855336973e-7
9.0 6.0 3.366358689282549e-7
9.0 6.5 2.565081268214386e-7
9.0 7.0 1.954721229662919e-7
9.0 7.5 1.4930864660579364e-7
9.0 8.0 1.1455439418963587e-7
9.0 8.5 8.845243527627431e-8
9.0 9.0 6.88523348214881e-8
9.0 9.5 5.409786976080274e-8
9.0 10.0 4.292792588699063e-8
9.5 0.0 1.3906843053226486e-6
9.5 0.5 1.35872478370201e-6
9.5 1.0 1.2694729602184757e-6
9.5 1.5 1.139495564555735e-6
9.5 2.0 9.883307727687205e-7
9.5 2.5 8.329220159667927e-7
9.5 3.0 6.853828889667889e-7
9.5 3.5 5.530250398051928e-7
9.5 4.0 4.3923242781113385e-7
9.5 4.5 3.4453640630424865e-7
9.5 5.0 2.676737812236428e-7
9.5 5.5 2.0647003825902696e-7
9.5 6.0 1.584536470666428e-7
9.5 6.5 1.212183665272389e-7
9.5 7.0 9.260539895245278e-8
9.5 7.5 7.077329571397965e-8
9.5 8.0 5.4205066102419613e-8
9.5 8.5 4.168288115287408e-8
9.5 9.0 3.2245859451437864e-8
9.5 9.5 2.51420594467557e-8
9.5 10.0 1.9785603392911693e-8
10.0 0.0 6.268760991841813e-7
10.0 0.5 6.124971708803332e-7
10.0 1.0 5.723972241720095e-7
10.0 1.5 5.141485511196119e-7
10.0 2.0 4.4662376224138697e-7
10.0 2.5 3.7741370398204383e-7
10.0 3.0 3.1181787444978663e-7
10.0 3.5 2.5293371029720945e-7
10.0 4.0 2.0214652528830393e-7
10.0 4.5 1.596540365787426e-7
10.0 5.0 1.2491983529100287e-7
10.0 5.5 9.70303474768746e-8
10.0 6.0 7.494428014126123e-8
10.0 6.5 5.7643395452880835e-8
10.0 7.0 4.4209982195178484e-8
10.0 7.5 3.3856673350106995e-8
10.0 8.0 2.5928462628438732e-8
10.0 8.5 1.9891535441233e-8
10.0 9.0 1.5317193931520754e-8
10.0 9.5 1.1864242887951429e-8
10.0 10.0 9.262311613361868e-9
